100
390
15 55 3
15 77 1
15 88 2
15 33 1
30 86 2
30 14 0
30 59 2
30 36 2
35 41 2
35 16 1
35 57 2
46 26 6
46 79 3
46 55 7
46 52 6
16 17 5
16 69 2
16 45 0
16 35 0
40 98 5
40 63 4
40 91 1
48 17 5
48 87 3
48 50 4
48 10 3
68 11 6
68 95 5
68 90 0
68 72 5
98 40 5
98 96 7
98 82 1
98 17 6
19 70 1
19 29 3
19 21 1
19 54 1
22 4 0
22 0 1
22 5 0
22 73 1
63 28 1
63 40 6
63 23 1
63 5 3
78 39 3
78 94 2
78 76 0
8 99 7
8 9 3
8 44 2
8 60 4
17 98 5
17 16 4
17 42 4
17 48 5
70 74 1
70 19 1
70 32 6
70 81 3
97 13 5
97 75 6
97 62 5
97 80 8
73 44 0
73 39 1
73 22 1
73 12 1
49 53 1
49 66 0
49 69 2
49 99 5
67 99 4
67 71 0
67 9 1
67 18 5
71 67 2
71 90 3
71 84 3
71 59 3
72 64 5
72 42 2
72 68 3
72 83 1
0 22 2
0 51 2
0 14 1
0 89 2
99 79 4
99 67 5
99 49 6
99 8 7
12 51 4
12 82 3
12 73 0
12 21 2
38 25 0
38 60 3
38 85 1
38 65 5
44 8 2
44 73 1
44 65 5
57 31 1
57 35 0
57 27 4
1 77 2
1 83 4
1 56 3
20 82 0
20 64 2
20 54 1
20 47 3
50 86 0
50 62 1
50 83 2
50 48 3
5 96 5
5 29 1
5 63 1
5 22 2
29 5 0
29 6 1
29 19 2
29 28 2
31 24 3
31 84 6
31 3 1
31 57 3
3 64 0
3 34 6
3 31 1
3 61 3
64 80 7
64 3 1
64 20 3
64 72 5
79 46 3
79 99 3
79 81 1
79 53 1
80 61 3
80 64 6
80 97 7
80 83 1
84 31 5
84 81 3
84 18 5
84 71 1
93 77 4
93 85 5
93 60 2
93 54 3
43 61 5
43 37 1
43 53 4
43 87 5
53 41 1
53 49 2
53 79 0
53 43 3
25 6 3
25 38 1
25 69 1
25 82 3
45 34 6
45 92 3
45 21 2
45 16 1
60 38 4
60 4 1
60 8 5
60 93 1
75 97 4
75 32 0
75 27 1
75 14 1
76 37 3
76 88 2
76 78 0
76 27 3
10 56 1
10 7 4
10 48 1
10 21 2
18 91 8
18 32 6
18 67 5
18 84 6
32 18 4
32 2 2
32 75 1
32 70 5
74 77 3
74 70 0
74 33 2
74 13 5
11 94 1
11 68 4
11 27 1
11 9 2
54 93 1
54 91 6
54 19 0
54 20 1
59 71 5
59 55 7
59 89 4
59 30 4
24 96 5
24 31 3
24 85 3
24 28 2
34 42 2
34 45 5
34 2 1
34 3 4
47 51 6
47 9 2
47 20 2
52 4 3
52 26 1
52 46 4
52 58 2
65 39 6
65 2 7
65 38 7
65 44 5
90 71 5
90 6 3
90 23 2
90 68 2
36 7 3
36 23 2
36 30 0
36 92 1
26 52 1
26 46 5
26 41 4
26 88 4
42 91 5
42 34 3
42 72 3
42 17 4
4 28 1
4 60 0
4 52 4
4 22 2
6 29 2
6 25 3
6 90 3
6 51 2
87 48 1
87 86 1
87 43 4
87 66 3
23 13 4
23 63 1
23 36 3
23 90 1
39 81 3
39 78 2
39 73 1
39 65 5
83 80 1
83 1 4
83 72 1
83 50 0
92 45 1
92 96 5
92 36 2
92 85 3
58 33 1
58 55 3
58 52 3
58 37 3
9 47 3
9 8 4
9 11 3
9 67 1
61 2 3
61 80 3
61 3 2
61 43 4
94 11 1
94 66 1
94 78 2
21 12 3
21 45 0
21 10 3
21 19 1
55 58 3
55 15 3
55 59 6
55 46 5
81 84 5
81 39 4
81 70 1
81 79 3
33 66 4
33 58 2
33 15 2
33 74 1
7 10 3
7 13 2
7 37 6
7 36 3
86 62 0
86 30 1
86 87 0
86 50 1
88 76 3
88 26 6
88 69 4
88 15 4
91 40 1
91 42 4
91 54 4
91 18 7
96 98 5
96 24 4
96 92 3
96 5 4
27 76 1
27 11 1
27 57 4
27 75 1
41 95 4
41 53 2
41 35 0
41 26 4
56 95 2
56 1 2
56 10 0
62 89 0
62 86 1
62 50 2
62 97 4
66 49 1
66 33 2
66 87 1
66 94 0
69 16 2
69 49 3
69 88 3
69 25 2
95 14 2
95 56 1
95 68 4
95 41 2
37 43 0
37 76 5
37 58 4
37 7 7
82 12 3
82 98 0
82 25 5
82 20 1
14 30 1
14 95 2
14 75 3
14 0 0
85 93 5
85 24 2
85 92 1
85 38 1
13 74 4
13 97 5
13 7 3
13 23 2
2 65 5
2 61 1
2 32 1
2 34 0
51 0 3
51 12 5
51 6 3
51 47 6
28 24 2
28 63 1
28 29 4
28 4 3
77 1 0
77 93 2
77 15 1
77 74 2
89 62 1
89 0 0
89 59 3